srun python train.py experiment=general_fm seed=34 hydra.run.dir=outputs/runs/gtg/euclidean/general/euc_d2_s34 general.manifold=euclidean general.dim=2 general.curvature=0.0 general.std_x0=0.3 general.std_x1=0.3 general.mean_x0=[0.00000000,0.00000000] general.mean_x1=[0.35355339,0.35355339] general.normalize_tangent_distributions=False
srun python train.py experiment=general_fm seed=34 hydra.run.dir=outputs/runs/gtg/euclidean/general/euc_d3_s34 general.manifold=euclidean general.dim=3 general.curvature=0.0 general.std_x0=0.3 general.std_x1=0.3 general.mean_x0=[0.00000000,0.00000000,0.00000000] general.mean_x1=[0.28867513,0.28867513,0.28867513] general.normalize_tangent_distributions=False
srun python train.py experiment=general_fm seed=34 hydra.run.dir=outputs/runs/gtg/euclidean/general/euc_d4_s34 general.manifold=euclidean general.dim=4 general.curvature=0.0 general.std_x0=0.3 general.std_x1=0.3 general.mean_x0=[0.00000000,0.00000000,0.00000000,0.00000000] general.mean_x1=[0.25000000,0.25000000,0.25000000,0.25000000] general.normalize_tangent_distributions=False
srun python train.py experiment=general_fm seed=34 hydra.run.dir=outputs/runs/gtg/euclidean/general/euc_d8_s34 general.manifold=euclidean general.dim=8 general.curvature=0.0 general.std_x0=0.3 general.std_x1=0.3 general.mean_x0=[0.00000000,0.00000000,0.00000000,0.00000000,0.00000000,0.00000000,0.00000000,0.00000000] general.mean_x1=[0.17677670,0.17677670,0.17677670,0.17677670,0.17677670,0.17677670,0.17677670,0.17677670] general.normalize_tangent_distributions=False
srun python train.py experiment=general_fm seed=34 hydra.run.dir=outputs/runs/gtg/euclidean/general/euc_d16_s34 general.manifold=euclidean general.dim=16 general.curvature=0.0 general.std_x0=0.3 general.std_x1=0.3 general.mean_x0=[0.00000000,0.00000000,0.00000000,0.00000000,0.00000000,0.00000000,0.00000000,0.00000000,0.00000000,0.00000000,0.00000000,0.00000000,0.00000000,0.00000000,0.00000000,0.00000000] general.mean_x1=[0.12500000,0.12500000,0.12500000,0.12500000,0.12500000,0.12500000,0.12500000,0.12500000,0.12500000,0.12500000,0.12500000,0.12500000,0.12500000,0.12500000,0.12500000,0.12500000] general.normalize_tangent_distributions=False
srun python train.py experiment=general_fm seed=34 hydra.run.dir=outputs/runs/gtg/euclidean/general/euc_d64_s34 general.manifold=euclidean general.dim=64 general.curvature=0.0 general.std_x0=0.3 general.std_x1=0.3 general.mean_x0=[0.00000000,0.00000000,0.00000000,0.00000000,0.00000000,0.00000000,0.00000000,0.00000000,0.00000000,0.00000000,0.00000000,0.00000000,0.00000000,0.00000000,0.00000000,0.00000000,0.00000000,0.00000000,0.00000000,0.00000000,0.00000000,0.00000000,0.00000000,0.00000000,0.00000000,0.00000000,0.00000000,0.00000000,0.00000000,0.00000000,0.00000000,0.00000000,0.00000000,0.00000000,0.00000000,0.00000000,0.00000000,0.00000000,0.00000000,0.00000000,0.00000000,0.00000000,0.00000000,0.00000000,0.00000000,0.00000000,0.00000000,0.00000000,0.00000000,0.00000000,0.00000000,0.00000000,0.00000000,0.00000000,0.00000000,0.00000000,0.00000000,0.00000000,0.00000000,0.00000000,0.00000000,0.00000000,0.00000000,0.00000000] general.mean_x1=[0.06250000,0.06250000,0.06250000,0.06250000,0.06250000,0.06250000,0.06250000,0.06250000,0.06250000,0.06250000,0.06250000,0.06250000,0.06250000,0.06250000,0.06250000,0.06250000,0.06250000,0.06250000,0.06250000,0.06250000,0.06250000,0.06250000,0.06250000,0.06250000,0.06250000,0.06250000,0.06250000,0.06250000,0.06250000,0.06250000,0.06250000,0.06250000,0.06250000,0.06250000,0.06250000,0.06250000,0.06250000,0.06250000,0.06250000,0.06250000,0.06250000,0.06250000,0.06250000,0.06250000,0.06250000,0.06250000,0.06250000,0.06250000,0.06250000,0.06250000,0.06250000,0.06250000,0.06250000,0.06250000,0.06250000,0.06250000,0.06250000,0.06250000,0.06250000,0.06250000,0.06250000,0.06250000,0.06250000,0.06250000] general.normalize_tangent_distributions=False
srun python train.py experiment=general_fm seed=34 hydra.run.dir=outputs/runs/gtg/euclidean/general/euc_d256_s34 general.manifold=euclidean general.dim=256 general.curvature=0.0 general.std_x0=0.3 general.std_x1=0.3 general.mean_x0=[0.00000000,0.00000000,0.00000000,0.00000000,0.00000000,0.00000000,0.00000000,0.00000000,0.00000000,0.00000000,0.00000000,0.00000000,0.00000000,0.00000000,0.00000000,0.00000000,0.00000000,0.00000000,0.00000000,0.00000000,0.00000000,0.00000000,0.00000000,0.00000000,0.00000000,0.00000000,0.00000000,0.00000000,0.00000000,0.00000000,0.00000000,0.00000000,0.00000000,0.00000000,0.00000000,0.00000000,0.00000000,0.00000000,0.00000000,0.00000000,0.00000000,0.00000000,0.00000000,0.00000000,0.00000000,0.00000000,0.00000000,0.00000000,0.00000000,0.00000000,0.00000000,0.00000000,0.00000000,0.00000000,0.00000000,0.00000000,0.00000000,0.00000000,0.00000000,0.00000000,0.00000000,0.00000000,0.00000000,0.00000000,0.00000000,0.00000000,0.00000000,0.00000000,0.00000000,0.00000000,0.00000000,0.00000000,0.00000000,0.00000000,0.00000000,0.00000000,0.00000000,0.00000000,0.00000000,0.00000000,0.00000000,0.00000000,0.00000000,0.00000000,0.00000000,0.00000000,0.00000000,0.00000000,0.00000000,0.00000000,0.00000000,0.00000000,0.00000000,0.00000000,0.00000000,0.00000000,0.00000000,0.00000000,0.00000000,0.00000000,0.00000000,0.00000000,0.00000000,0.00000000,0.00000000,0.00000000,0.00000000,0.00000000,0.00000000,0.00000000,0.00000000,0.00000000,0.00000000,0.00000000,0.00000000,0.00000000,0.00000000,0.00000000,0.00000000,0.00000000,0.00000000,0.00000000,0.00000000,0.00000000,0.00000000,0.00000000,0.00000000,0.00000000,0.00000000,0.00000000,0.00000000,0.00000000,0.00000000,0.00000000,0.00000000,0.00000000,0.00000000,0.00000000,0.00000000,0.00000000,0.00000000,0.00000000,0.00000000,0.00000000,0.00000000,0.00000000,0.00000000,0.00000000,0.00000000,0.00000000,0.00000000,0.00000000,0.00000000,0.00000000,0.00000000,0.00000000,0.00000000,0.00000000,0.00000000,0.00000000,0.00000000,0.00000000,0.00000000,0.00000000,0.00000000,0.00000000,0.00000000,0.00000000,0.00000000,0.00000000,0.00000000,0.00000000,0.00000000,0.00000000,0.00000000,0.00000000,0.00000000,0.00000000,0.00000000,0.00000000,0.00000000,0.00000000,0.00000000,0.00000000,0.00000000,0.00000000,0.00000000,0.00000000,0.00000000,0.00000000,0.00000000,0.00000000,0.00000000,0.00000000,0.00000000,0.00000000,0.00000000,0.00000000,0.00000000,0.00000000,0.00000000,0.00000000,0.00000000,0.00000000,0.00000000,0.00000000,0.00000000,0.00000000,0.00000000,0.00000000,0.00000000,0.00000000,0.00000000,0.00000000,0.00000000,0.00000000,0.00000000,0.00000000,0.00000000,0.00000000,0.00000000,0.00000000,0.00000000,0.00000000,0.00000000,0.00000000,0.00000000,0.00000000,0.00000000,0.00000000,0.00000000,0.00000000,0.00000000,0.00000000,0.00000000,0.00000000,0.00000000,0.00000000,0.00000000,0.00000000,0.00000000,0.00000000,0.00000000,0.00000000,0.00000000,0.00000000,0.00000000,0.00000000,0.00000000,0.00000000,0.00000000,0.00000000,0.00000000,0.00000000,0.00000000,0.00000000] general.mean_x1=[0.03125000,0.03125000,0.03125000,0.03125000,0.03125000,0.03125000,0.03125000,0.03125000,0.03125000,0.03125000,0.03125000,0.03125000,0.03125000,0.03125000,0.03125000,0.03125000,0.03125000,0.03125000,0.03125000,0.03125000,0.03125000,0.03125000,0.03125000,0.03125000,0.03125000,0.03125000,0.03125000,0.03125000,0.03125000,0.03125000,0.03125000,0.03125000,0.03125000,0.03125000,0.03125000,0.03125000,0.03125000,0.03125000,0.03125000,0.03125000,0.03125000,0.03125000,0.03125000,0.03125000,0.03125000,0.03125000,0.03125000,0.03125000,0.03125000,0.03125000,0.03125000,0.03125000,0.03125000,0.03125000,0.03125000,0.03125000,0.03125000,0.03125000,0.03125000,0.03125000,0.03125000,0.03125000,0.03125000,0.03125000,0.03125000,0.03125000,0.03125000,0.03125000,0.03125000,0.03125000,0.03125000,0.03125000,0.03125000,0.03125000,0.03125000,0.03125000,0.03125000,0.03125000,0.03125000,0.03125000,0.03125000,0.03125000,0.03125000,0.03125000,0.03125000,0.03125000,0.03125000,0.03125000,0.03125000,0.03125000,0.03125000,0.03125000,0.03125000,0.03125000,0.03125000,0.03125000,0.03125000,0.03125000,0.03125000,0.03125000,0.03125000,0.03125000,0.03125000,0.03125000,0.03125000,0.03125000,0.03125000,0.03125000,0.03125000,0.03125000,0.03125000,0.03125000,0.03125000,0.03125000,0.03125000,0.03125000,0.03125000,0.03125000,0.03125000,0.03125000,0.03125000,0.03125000,0.03125000,0.03125000,0.03125000,0.03125000,0.03125000,0.03125000,0.03125000,0.03125000,0.03125000,0.03125000,0.03125000,0.03125000,0.03125000,0.03125000,0.03125000,0.03125000,0.03125000,0.03125000,0.03125000,0.03125000,0.03125000,0.03125000,0.03125000,0.03125000,0.03125000,0.03125000,0.03125000,0.03125000,0.03125000,0.03125000,0.03125000,0.03125000,0.03125000,0.03125000,0.03125000,0.03125000,0.03125000,0.03125000,0.03125000,0.03125000,0.03125000,0.03125000,0.03125000,0.03125000,0.03125000,0.03125000,0.03125000,0.03125000,0.03125000,0.03125000,0.03125000,0.03125000,0.03125000,0.03125000,0.03125000,0.03125000,0.03125000,0.03125000,0.03125000,0.03125000,0.03125000,0.03125000,0.03125000,0.03125000,0.03125000,0.03125000,0.03125000,0.03125000,0.03125000,0.03125000,0.03125000,0.03125000,0.03125000,0.03125000,0.03125000,0.03125000,0.03125000,0.03125000,0.03125000,0.03125000,0.03125000,0.03125000,0.03125000,0.03125000,0.03125000,0.03125000,0.03125000,0.03125000,0.03125000,0.03125000,0.03125000,0.03125000,0.03125000,0.03125000,0.03125000,0.03125000,0.03125000,0.03125000,0.03125000,0.03125000,0.03125000,0.03125000,0.03125000,0.03125000,0.03125000,0.03125000,0.03125000,0.03125000,0.03125000,0.03125000,0.03125000,0.03125000,0.03125000,0.03125000,0.03125000,0.03125000,0.03125000,0.03125000,0.03125000,0.03125000,0.03125000,0.03125000,0.03125000,0.03125000,0.03125000,0.03125000,0.03125000,0.03125000,0.03125000,0.03125000,0.03125000,0.03125000,0.03125000,0.03125000] general.normalize_tangent_distributions=False
srun python train.py experiment=general_fm seed=34 hydra.run.dir=outputs/runs/gtg/euclidean/general/euc_d512_s34 general.manifold=euclidean general.dim=512 general.curvature=0.0 general.std_x0=0.3 general.std_x1=0.3 general.mean_x0=[0.00000000,0.00000000,0.00000000,0.00000000,0.00000000,0.00000000,0.00000000,0.00000000,0.00000000,0.00000000,0.00000000,0.00000000,0.00000000,0.00000000,0.00000000,0.00000000,0.00000000,0.00000000,0.00000000,0.00000000,0.00000000,0.00000000,0.00000000,0.00000000,0.00000000,0.00000000,0.00000000,0.00000000,0.00000000,0.00000000,0.00000000,0.00000000,0.00000000,0.00000000,0.00000000,0.00000000,0.00000000,0.00000000,0.00000000,0.00000000,0.00000000,0.00000000,0.00000000,0.00000000,0.00000000,0.00000000,0.00000000,0.00000000,0.00000000,0.00000000,0.00000000,0.00000000,0.00000000,0.00000000,0.00000000,0.00000000,0.00000000,0.00000000,0.00000000,0.00000000,0.00000000,0.00000000,0.00000000,0.00000000,0.00000000,0.00000000,0.00000000,0.00000000,0.00000000,0.00000000,0.00000000,0.00000000,0.00000000,0.00000000,0.00000000,0.00000000,0.00000000,0.00000000,0.00000000,0.00000000,0.00000000,0.00000000,0.00000000,0.00000000,0.00000000,0.00000000,0.00000000,0.00000000,0.00000000,0.00000000,0.00000000,0.00000000,0.00000000,0.00000000,0.00000000,0.00000000,0.00000000,0.00000000,0.00000000,0.00000000,0.00000000,0.00000000,0.00000000,0.00000000,0.00000000,0.00000000,0.00000000,0.00000000,0.00000000,0.00000000,0.00000000,0.00000000,0.00000000,0.00000000,0.00000000,0.00000000,0.00000000,0.00000000,0.00000000,0.00000000,0.00000000,0.00000000,0.00000000,0.00000000,0.00000000,0.00000000,0.00000000,0.00000000,0.00000000,0.00000000,0.00000000,0.00000000,0.00000000,0.00000000,0.00000000,0.00000000,0.00000000,0.00000000,0.00000000,0.00000000,0.00000000,0.00000000,0.00000000,0.00000000,0.00000000,0.00000000,0.00000000,0.00000000,0.00000000,0.00000000,0.00000000,0.00000000,0.00000000,0.00000000,0.00000000,0.00000000,0.00000000,0.00000000,0.00000000,0.00000000,0.00000000,0.00000000,0.00000000,0.00000000,0.00000000,0.00000000,0.00000000,0.00000000,0.00000000,0.00000000,0.00000000,0.00000000,0.00000000,0.00000000,0.00000000,0.00000000,0.00000000,0.00000000,0.00000000,0.00000000,0.00000000,0.00000000,0.00000000,0.00000000,0.00000000,0.00000000,0.00000000,0.00000000,0.00000000,0.00000000,0.00000000,0.00000000,0.00000000,0.00000000,0.00000000,0.00000000,0.00000000,0.00000000,0.00000000,0.00000000,0.00000000,0.00000000,0.00000000,0.00000000,0.00000000,0.00000000,0.00000000,0.00000000,0.00000000,0.00000000,0.00000000,0.00000000,0.00000000,0.00000000,0.00000000,0.00000000,0.00000000,0.00000000,0.00000000,0.00000000,0.00000000,0.00000000,0.00000000,0.00000000,0.00000000,0.00000000,0.00000000,0.00000000,0.00000000,0.00000000,0.00000000,0.00000000,0.00000000,0.00000000,0.00000000,0.00000000,0.00000000,0.00000000,0.00000000,0.00000000,0.00000000,0.00000000,0.00000000,0.00000000,0.00000000,0.00000000,0.00000000,0.00000000,0.00000000,0.00000000,0.00000000,0.00000000,0.00000000,0.00000000,0.00000000,0.00000000,0.00000000,0.00000000,0.00000000,0.00000000,0.00000000,0.00000000,0.00000000,0.00000000,0.00000000,0.00000000,0.00000000,0.00000000,0.00000000,0.00000000,0.00000000,0.00000000,0.00000000,0.00000000,0.00000000,0.00000000,0.00000000,0.00000000,0.00000000,0.00000000,0.00000000,0.00000000,0.00000000,0.00000000,0.00000000,0.00000000,0.00000000,0.00000000,0.00000000,0.00000000,0.00000000,0.00000000,0.00000000,0.00000000,0.00000000,0.00000000,0.00000000,0.00000000,0.00000000,0.00000000,0.00000000,0.00000000,0.00000000,0.00000000,0.00000000,0.00000000,0.00000000,0.00000000,0.00000000,0.00000000,0.00000000,0.00000000,0.00000000,0.00000000,0.00000000,0.00000000,0.00000000,0.00000000,0.00000000,0.00000000,0.00000000,0.00000000,0.00000000,0.00000000,0.00000000,0.00000000,0.00000000,0.00000000,0.00000000,0.00000000,0.00000000,0.00000000,0.00000000,0.00000000,0.00000000,0.00000000,0.00000000,0.00000000,0.00000000,0.00000000,0.00000000,0.00000000,0.00000000,0.00000000,0.00000000,0.00000000,0.00000000,0.00000000,0.00000000,0.00000000,0.00000000,0.00000000,0.00000000,0.00000000,0.00000000,0.00000000,0.00000000,0.00000000,0.00000000,0.00000000,0.00000000,0.00000000,0.00000000,0.00000000,0.00000000,0.00000000,0.00000000,0.00000000,0.00000000,0.00000000,0.00000000,0.00000000,0.00000000,0.00000000,0.00000000,0.00000000,0.00000000,0.00000000,0.00000000,0.00000000,0.00000000,0.00000000,0.00000000,0.00000000,0.00000000,0.00000000,0.00000000,0.00000000,0.00000000,0.00000000,0.00000000,0.00000000,0.00000000,0.00000000,0.00000000,0.00000000,0.00000000,0.00000000,0.00000000,0.00000000,0.00000000,0.00000000,0.00000000,0.00000000,0.00000000,0.00000000,0.00000000,0.00000000,0.00000000,0.00000000,0.00000000,0.00000000,0.00000000,0.00000000,0.00000000,0.00000000,0.00000000,0.00000000,0.00000000,0.00000000,0.00000000,0.00000000,0.00000000,0.00000000,0.00000000,0.00000000,0.00000000,0.00000000,0.00000000,0.00000000,0.00000000,0.00000000,0.00000000,0.00000000,0.00000000,0.00000000,0.00000000,0.00000000,0.00000000,0.00000000,0.00000000,0.00000000,0.00000000,0.00000000,0.00000000,0.00000000,0.00000000,0.00000000,0.00000000,0.00000000,0.00000000,0.00000000,0.00000000,0.00000000,0.00000000,0.00000000,0.00000000,0.00000000,0.00000000,0.00000000,0.00000000,0.00000000,0.00000000,0.00000000,0.00000000,0.00000000,0.00000000,0.00000000,0.00000000,0.00000000,0.00000000,0.00000000,0.00000000,0.00000000,0.00000000,0.00000000,0.00000000,0.00000000,0.00000000,0.00000000,0.00000000,0.00000000,0.00000000,0.00000000,0.00000000,0.00000000,0.00000000,0.00000000,0.00000000,0.00000000,0.00000000,0.00000000,0.00000000,0.00000000,0.00000000,0.00000000,0.00000000,0.00000000,0.00000000,0.00000000,0.00000000,0.00000000,0.00000000,0.00000000,0.00000000,0.00000000,0.00000000,0.00000000,0.00000000,0.00000000,0.00000000,0.00000000] general.mean_x1=[0.02209709,0.02209709,0.02209709,0.02209709,0.02209709,0.02209709,0.02209709,0.02209709,0.02209709,0.02209709,0.02209709,0.02209709,0.02209709,0.02209709,0.02209709,0.02209709,0.02209709,0.02209709,0.02209709,0.02209709,0.02209709,0.02209709,0.02209709,0.02209709,0.02209709,0.02209709,0.02209709,0.02209709,0.02209709,0.02209709,0.02209709,0.02209709,0.02209709,0.02209709,0.02209709,0.02209709,0.02209709,0.02209709,0.02209709,0.02209709,0.02209709,0.02209709,0.02209709,0.02209709,0.02209709,0.02209709,0.02209709,0.02209709,0.02209709,0.02209709,0.02209709,0.02209709,0.02209709,0.02209709,0.02209709,0.02209709,0.02209709,0.02209709,0.02209709,0.02209709,0.02209709,0.02209709,0.02209709,0.02209709,0.02209709,0.02209709,0.02209709,0.02209709,0.02209709,0.02209709,0.02209709,0.02209709,0.02209709,0.02209709,0.02209709,0.02209709,0.02209709,0.02209709,0.02209709,0.02209709,0.02209709,0.02209709,0.02209709,0.02209709,0.02209709,0.02209709,0.02209709,0.02209709,0.02209709,0.02209709,0.02209709,0.02209709,0.02209709,0.02209709,0.02209709,0.02209709,0.02209709,0.02209709,0.02209709,0.02209709,0.02209709,0.02209709,0.02209709,0.02209709,0.02209709,0.02209709,0.02209709,0.02209709,0.02209709,0.02209709,0.02209709,0.02209709,0.02209709,0.02209709,0.02209709,0.02209709,0.02209709,0.02209709,0.02209709,0.02209709,0.02209709,0.02209709,0.02209709,0.02209709,0.02209709,0.02209709,0.02209709,0.02209709,0.02209709,0.02209709,0.02209709,0.02209709,0.02209709,0.02209709,0.02209709,0.02209709,0.02209709,0.02209709,0.02209709,0.02209709,0.02209709,0.02209709,0.02209709,0.02209709,0.02209709,0.02209709,0.02209709,0.02209709,0.02209709,0.02209709,0.02209709,0.02209709,0.02209709,0.02209709,0.02209709,0.02209709,0.02209709,0.02209709,0.02209709,0.02209709,0.02209709,0.02209709,0.02209709,0.02209709,0.02209709,0.02209709,0.02209709,0.02209709,0.02209709,0.02209709,0.02209709,0.02209709,0.02209709,0.02209709,0.02209709,0.02209709,0.02209709,0.02209709,0.02209709,0.02209709,0.02209709,0.02209709,0.02209709,0.02209709,0.02209709,0.02209709,0.02209709,0.02209709,0.02209709,0.02209709,0.02209709,0.02209709,0.02209709,0.02209709,0.02209709,0.02209709,0.02209709,0.02209709,0.02209709,0.02209709,0.02209709,0.02209709,0.02209709,0.02209709,0.02209709,0.02209709,0.02209709,0.02209709,0.02209709,0.02209709,0.02209709,0.02209709,0.02209709,0.02209709,0.02209709,0.02209709,0.02209709,0.02209709,0.02209709,0.02209709,0.02209709,0.02209709,0.02209709,0.02209709,0.02209709,0.02209709,0.02209709,0.02209709,0.02209709,0.02209709,0.02209709,0.02209709,0.02209709,0.02209709,0.02209709,0.02209709,0.02209709,0.02209709,0.02209709,0.02209709,0.02209709,0.02209709,0.02209709,0.02209709,0.02209709,0.02209709,0.02209709,0.02209709,0.02209709,0.02209709,0.02209709,0.02209709,0.02209709,0.02209709,0.02209709,0.02209709,0.02209709,0.02209709,0.02209709,0.02209709,0.02209709,0.02209709,0.02209709,0.02209709,0.02209709,0.02209709,0.02209709,0.02209709,0.02209709,0.02209709,0.02209709,0.02209709,0.02209709,0.02209709,0.02209709,0.02209709,0.02209709,0.02209709,0.02209709,0.02209709,0.02209709,0.02209709,0.02209709,0.02209709,0.02209709,0.02209709,0.02209709,0.02209709,0.02209709,0.02209709,0.02209709,0.02209709,0.02209709,0.02209709,0.02209709,0.02209709,0.02209709,0.02209709,0.02209709,0.02209709,0.02209709,0.02209709,0.02209709,0.02209709,0.02209709,0.02209709,0.02209709,0.02209709,0.02209709,0.02209709,0.02209709,0.02209709,0.02209709,0.02209709,0.02209709,0.02209709,0.02209709,0.02209709,0.02209709,0.02209709,0.02209709,0.02209709,0.02209709,0.02209709,0.02209709,0.02209709,0.02209709,0.02209709,0.02209709,0.02209709,0.02209709,0.02209709,0.02209709,0.02209709,0.02209709,0.02209709,0.02209709,0.02209709,0.02209709,0.02209709,0.02209709,0.02209709,0.02209709,0.02209709,0.02209709,0.02209709,0.02209709,0.02209709,0.02209709,0.02209709,0.02209709,0.02209709,0.02209709,0.02209709,0.02209709,0.02209709,0.02209709,0.02209709,0.02209709,0.02209709,0.02209709,0.02209709,0.02209709,0.02209709,0.02209709,0.02209709,0.02209709,0.02209709,0.02209709,0.02209709,0.02209709,0.02209709,0.02209709,0.02209709,0.02209709,0.02209709,0.02209709,0.02209709,0.02209709,0.02209709,0.02209709,0.02209709,0.02209709,0.02209709,0.02209709,0.02209709,0.02209709,0.02209709,0.02209709,0.02209709,0.02209709,0.02209709,0.02209709,0.02209709,0.02209709,0.02209709,0.02209709,0.02209709,0.02209709,0.02209709,0.02209709,0.02209709,0.02209709,0.02209709,0.02209709,0.02209709,0.02209709,0.02209709,0.02209709,0.02209709,0.02209709,0.02209709,0.02209709,0.02209709,0.02209709,0.02209709,0.02209709,0.02209709,0.02209709,0.02209709,0.02209709,0.02209709,0.02209709,0.02209709,0.02209709,0.02209709,0.02209709,0.02209709,0.02209709,0.02209709,0.02209709,0.02209709,0.02209709,0.02209709,0.02209709,0.02209709,0.02209709,0.02209709,0.02209709,0.02209709,0.02209709,0.02209709,0.02209709,0.02209709,0.02209709,0.02209709,0.02209709,0.02209709,0.02209709,0.02209709,0.02209709,0.02209709,0.02209709,0.02209709,0.02209709,0.02209709,0.02209709,0.02209709,0.02209709,0.02209709,0.02209709,0.02209709,0.02209709,0.02209709,0.02209709,0.02209709,0.02209709,0.02209709,0.02209709,0.02209709,0.02209709,0.02209709,0.02209709,0.02209709,0.02209709,0.02209709,0.02209709,0.02209709,0.02209709,0.02209709,0.02209709,0.02209709,0.02209709,0.02209709,0.02209709,0.02209709,0.02209709,0.02209709,0.02209709,0.02209709,0.02209709,0.02209709,0.02209709,0.02209709,0.02209709,0.02209709,0.02209709,0.02209709,0.02209709,0.02209709,0.02209709,0.02209709,0.02209709,0.02209709,0.02209709,0.02209709,0.02209709,0.02209709,0.02209709,0.02209709,0.02209709,0.02209709] general.normalize_tangent_distributions=False
srun python train.py experiment=general_fm seed=42 hydra.run.dir=outputs/runs/gtg/euclidean/general/euc_d2_s42 general.manifold=euclidean general.dim=2 general.curvature=0.0 general.std_x0=0.3 general.std_x1=0.3 general.mean_x0=[0.00000000,0.00000000] general.mean_x1=[0.35355339,0.35355339] general.normalize_tangent_distributions=False
srun python train.py experiment=general_fm seed=42 hydra.run.dir=outputs/runs/gtg/euclidean/general/euc_d3_s42 general.manifold=euclidean general.dim=3 general.curvature=0.0 general.std_x0=0.3 general.std_x1=0.3 general.mean_x0=[0.00000000,0.00000000,0.00000000] general.mean_x1=[0.28867513,0.28867513,0.28867513] general.normalize_tangent_distributions=False
srun python train.py experiment=general_fm seed=42 hydra.run.dir=outputs/runs/gtg/euclidean/general/euc_d4_s42 general.manifold=euclidean general.dim=4 general.curvature=0.0 general.std_x0=0.3 general.std_x1=0.3 general.mean_x0=[0.00000000,0.00000000,0.00000000,0.00000000] general.mean_x1=[0.25000000,0.25000000,0.25000000,0.25000000] general.normalize_tangent_distributions=False
srun python train.py experiment=general_fm seed=42 hydra.run.dir=outputs/runs/gtg/euclidean/general/euc_d8_s42 general.manifold=euclidean general.dim=8 general.curvature=0.0 general.std_x0=0.3 general.std_x1=0.3 general.mean_x0=[0.00000000,0.00000000,0.00000000,0.00000000,0.00000000,0.00000000,0.00000000,0.00000000] general.mean_x1=[0.17677670,0.17677670,0.17677670,0.17677670,0.17677670,0.17677670,0.17677670,0.17677670] general.normalize_tangent_distributions=False
srun python train.py experiment=general_fm seed=42 hydra.run.dir=outputs/runs/gtg/euclidean/general/euc_d16_s42 general.manifold=euclidean general.dim=16 general.curvature=0.0 general.std_x0=0.3 general.std_x1=0.3 general.mean_x0=[0.00000000,0.00000000,0.00000000,0.00000000,0.00000000,0.00000000,0.00000000,0.00000000,0.00000000,0.00000000,0.00000000,0.00000000,0.00000000,0.00000000,0.00000000,0.00000000] general.mean_x1=[0.12500000,0.12500000,0.12500000,0.12500000,0.12500000,0.12500000,0.12500000,0.12500000,0.12500000,0.12500000,0.12500000,0.12500000,0.12500000,0.12500000,0.12500000,0.12500000] general.normalize_tangent_distributions=False
srun python train.py experiment=general_fm seed=42 hydra.run.dir=outputs/runs/gtg/euclidean/general/euc_d64_s42 general.manifold=euclidean general.dim=64 general.curvature=0.0 general.std_x0=0.3 general.std_x1=0.3 general.mean_x0=[0.00000000,0.00000000,0.00000000,0.00000000,0.00000000,0.00000000,0.00000000,0.00000000,0.00000000,0.00000000,0.00000000,0.00000000,0.00000000,0.00000000,0.00000000,0.00000000,0.00000000,0.00000000,0.00000000,0.00000000,0.00000000,0.00000000,0.00000000,0.00000000,0.00000000,0.00000000,0.00000000,0.00000000,0.00000000,0.00000000,0.00000000,0.00000000,0.00000000,0.00000000,0.00000000,0.00000000,0.00000000,0.00000000,0.00000000,0.00000000,0.00000000,0.00000000,0.00000000,0.00000000,0.00000000,0.00000000,0.00000000,0.00000000,0.00000000,0.00000000,0.00000000,0.00000000,0.00000000,0.00000000,0.00000000,0.00000000,0.00000000,0.00000000,0.00000000,0.00000000,0.00000000,0.00000000,0.00000000,0.00000000] general.mean_x1=[0.06250000,0.06250000,0.06250000,0.06250000,0.06250000,0.06250000,0.06250000,0.06250000,0.06250000,0.06250000,0.06250000,0.06250000,0.06250000,0.06250000,0.06250000,0.06250000,0.06250000,0.06250000,0.06250000,0.06250000,0.06250000,0.06250000,0.06250000,0.06250000,0.06250000,0.06250000,0.06250000,0.06250000,0.06250000,0.06250000,0.06250000,0.06250000,0.06250000,0.06250000,0.06250000,0.06250000,0.06250000,0.06250000,0.06250000,0.06250000,0.06250000,0.06250000,0.06250000,0.06250000,0.06250000,0.06250000,0.06250000,0.06250000,0.06250000,0.06250000,0.06250000,0.06250000,0.06250000,0.06250000,0.06250000,0.06250000,0.06250000,0.06250000,0.06250000,0.06250000,0.06250000,0.06250000,0.06250000,0.06250000] general.normalize_tangent_distributions=False
srun python train.py experiment=general_fm seed=42 hydra.run.dir=outputs/runs/gtg/euclidean/general/euc_d256_s42 general.manifold=euclidean general.dim=256 general.curvature=0.0 general.std_x0=0.3 general.std_x1=0.3 general.mean_x0=[0.00000000,0.00000000,0.00000000,0.00000000,0.00000000,0.00000000,0.00000000,0.00000000,0.00000000,0.00000000,0.00000000,0.00000000,0.00000000,0.00000000,0.00000000,0.00000000,0.00000000,0.00000000,0.00000000,0.00000000,0.00000000,0.00000000,0.00000000,0.00000000,0.00000000,0.00000000,0.00000000,0.00000000,0.00000000,0.00000000,0.00000000,0.00000000,0.00000000,0.00000000,0.00000000,0.00000000,0.00000000,0.00000000,0.00000000,0.00000000,0.00000000,0.00000000,0.00000000,0.00000000,0.00000000,0.00000000,0.00000000,0.00000000,0.00000000,0.00000000,0.00000000,0.00000000,0.00000000,0.00000000,0.00000000,0.00000000,0.00000000,0.00000000,0.00000000,0.00000000,0.00000000,0.00000000,0.00000000,0.00000000,0.00000000,0.00000000,0.00000000,0.00000000,0.00000000,0.00000000,0.00000000,0.00000000,0.00000000,0.00000000,0.00000000,0.00000000,0.00000000,0.00000000,0.00000000,0.00000000,0.00000000,0.00000000,0.00000000,0.00000000,0.00000000,0.00000000,0.00000000,0.00000000,0.00000000,0.00000000,0.00000000,0.00000000,0.00000000,0.00000000,0.00000000,0.00000000,0.00000000,0.00000000,0.00000000,0.00000000,0.00000000,0.00000000,0.00000000,0.00000000,0.00000000,0.00000000,0.00000000,0.00000000,0.00000000,0.00000000,0.00000000,0.00000000,0.00000000,0.00000000,0.00000000,0.00000000,0.00000000,0.00000000,0.00000000,0.00000000,0.00000000,0.00000000,0.00000000,0.00000000,0.00000000,0.00000000,0.00000000,0.00000000,0.00000000,0.00000000,0.00000000,0.00000000,0.00000000,0.00000000,0.00000000,0.00000000,0.00000000,0.00000000,0.00000000,0.00000000,0.00000000,0.00000000,0.00000000,0.00000000,0.00000000,0.00000000,0.00000000,0.00000000,0.00000000,0.00000000,0.00000000,0.00000000,0.00000000,0.00000000,0.00000000,0.00000000,0.00000000,0.00000000,0.00000000,0.00000000,0.00000000,0.00000000,0.00000000,0.00000000,0.00000000,0.00000000,0.00000000,0.00000000,0.00000000,0.00000000,0.00000000,0.00000000,0.00000000,0.00000000,0.00000000,0.00000000,0.00000000,0.00000000,0.00000000,0.00000000,0.00000000,0.00000000,0.00000000,0.00000000,0.00000000,0.00000000,0.00000000,0.00000000,0.00000000,0.00000000,0.00000000,0.00000000,0.00000000,0.00000000,0.00000000,0.00000000,0.00000000,0.00000000,0.00000000,0.00000000,0.00000000,0.00000000,0.00000000,0.00000000,0.00000000,0.00000000,0.00000000,0.00000000,0.00000000,0.00000000,0.00000000,0.00000000,0.00000000,0.00000000,0.00000000,0.00000000,0.00000000,0.00000000,0.00000000,0.00000000,0.00000000,0.00000000,0.00000000,0.00000000,0.00000000,0.00000000,0.00000000,0.00000000,0.00000000,0.00000000,0.00000000,0.00000000,0.00000000,0.00000000,0.00000000,0.00000000,0.00000000,0.00000000,0.00000000,0.00000000,0.00000000,0.00000000,0.00000000,0.00000000,0.00000000,0.00000000,0.00000000,0.00000000,0.00000000,0.00000000,0.00000000,0.00000000,0.00000000,0.00000000,0.00000000,0.00000000] general.mean_x1=[0.03125000,0.03125000,0.03125000,0.03125000,0.03125000,0.03125000,0.03125000,0.03125000,0.03125000,0.03125000,0.03125000,0.03125000,0.03125000,0.03125000,0.03125000,0.03125000,0.03125000,0.03125000,0.03125000,0.03125000,0.03125000,0.03125000,0.03125000,0.03125000,0.03125000,0.03125000,0.03125000,0.03125000,0.03125000,0.03125000,0.03125000,0.03125000,0.03125000,0.03125000,0.03125000,0.03125000,0.03125000,0.03125000,0.03125000,0.03125000,0.03125000,0.03125000,0.03125000,0.03125000,0.03125000,0.03125000,0.03125000,0.03125000,0.03125000,0.03125000,0.03125000,0.03125000,0.03125000,0.03125000,0.03125000,0.03125000,0.03125000,0.03125000,0.03125000,0.03125000,0.03125000,0.03125000,0.03125000,0.03125000,0.03125000,0.03125000,0.03125000,0.03125000,0.03125000,0.03125000,0.03125000,0.03125000,0.03125000,0.03125000,0.03125000,0.03125000,0.03125000,0.03125000,0.03125000,0.03125000,0.03125000,0.03125000,0.03125000,0.03125000,0.03125000,0.03125000,0.03125000,0.03125000,0.03125000,0.03125000,0.03125000,0.03125000,0.03125000,0.03125000,0.03125000,0.03125000,0.03125000,0.03125000,0.03125000,0.03125000,0.03125000,0.03125000,0.03125000,0.03125000,0.03125000,0.03125000,0.03125000,0.03125000,0.03125000,0.03125000,0.03125000,0.03125000,0.03125000,0.03125000,0.03125000,0.03125000,0.03125000,0.03125000,0.03125000,0.03125000,0.03125000,0.03125000,0.03125000,0.03125000,0.03125000,0.03125000,0.03125000,0.03125000,0.03125000,0.03125000,0.03125000,0.03125000,0.03125000,0.03125000,0.03125000,0.03125000,0.03125000,0.03125000,0.03125000,0.03125000,0.03125000,0.03125000,0.03125000,0.03125000,0.03125000,0.03125000,0.03125000,0.03125000,0.03125000,0.03125000,0.03125000,0.03125000,0.03125000,0.03125000,0.03125000,0.03125000,0.03125000,0.03125000,0.03125000,0.03125000,0.03125000,0.03125000,0.03125000,0.03125000,0.03125000,0.03125000,0.03125000,0.03125000,0.03125000,0.03125000,0.03125000,0.03125000,0.03125000,0.03125000,0.03125000,0.03125000,0.03125000,0.03125000,0.03125000,0.03125000,0.03125000,0.03125000,0.03125000,0.03125000,0.03125000,0.03125000,0.03125000,0.03125000,0.03125000,0.03125000,0.03125000,0.03125000,0.03125000,0.03125000,0.03125000,0.03125000,0.03125000,0.03125000,0.03125000,0.03125000,0.03125000,0.03125000,0.03125000,0.03125000,0.03125000,0.03125000,0.03125000,0.03125000,0.03125000,0.03125000,0.03125000,0.03125000,0.03125000,0.03125000,0.03125000,0.03125000,0.03125000,0.03125000,0.03125000,0.03125000,0.03125000,0.03125000,0.03125000,0.03125000,0.03125000,0.03125000,0.03125000,0.03125000,0.03125000,0.03125000,0.03125000,0.03125000,0.03125000,0.03125000,0.03125000,0.03125000,0.03125000,0.03125000,0.03125000,0.03125000,0.03125000,0.03125000,0.03125000,0.03125000,0.03125000,0.03125000,0.03125000,0.03125000,0.03125000,0.03125000,0.03125000,0.03125000,0.03125000,0.03125000,0.03125000,0.03125000] general.normalize_tangent_distributions=False
srun python train.py experiment=general_fm seed=42 hydra.run.dir=outputs/runs/gtg/euclidean/general/euc_d512_s42 general.manifold=euclidean general.dim=512 general.curvature=0.0 general.std_x0=0.3 general.std_x1=0.3 general.mean_x0=[0.00000000,0.00000000,0.00000000,0.00000000,0.00000000,0.00000000,0.00000000,0.00000000,0.00000000,0.00000000,0.00000000,0.00000000,0.00000000,0.00000000,0.00000000,0.00000000,0.00000000,0.00000000,0.00000000,0.00000000,0.00000000,0.00000000,0.00000000,0.00000000,0.00000000,0.00000000,0.00000000,0.00000000,0.00000000,0.00000000,0.00000000,0.00000000,0.00000000,0.00000000,0.00000000,0.00000000,0.00000000,0.00000000,0.00000000,0.00000000,0.00000000,0.00000000,0.00000000,0.00000000,0.00000000,0.00000000,0.00000000,0.00000000,0.00000000,0.00000000,0.00000000,0.00000000,0.00000000,0.00000000,0.00000000,0.00000000,0.00000000,0.00000000,0.00000000,0.00000000,0.00000000,0.00000000,0.00000000,0.00000000,0.00000000,0.00000000,0.00000000,0.00000000,0.00000000,0.00000000,0.00000000,0.00000000,0.00000000,0.00000000,0.00000000,0.00000000,0.00000000,0.00000000,0.00000000,0.00000000,0.00000000,0.00000000,0.00000000,0.00000000,0.00000000,0.00000000,0.00000000,0.00000000,0.00000000,0.00000000,0.00000000,0.00000000,0.00000000,0.00000000,0.00000000,0.00000000,0.00000000,0.00000000,0.00000000,0.00000000,0.00000000,0.00000000,0.00000000,0.00000000,0.00000000,0.00000000,0.00000000,0.00000000,0.00000000,0.00000000,0.00000000,0.00000000,0.00000000,0.00000000,0.00000000,0.00000000,0.00000000,0.00000000,0.00000000,0.00000000,0.00000000,0.00000000,0.00000000,0.00000000,0.00000000,0.00000000,0.00000000,0.00000000,0.00000000,0.00000000,0.00000000,0.00000000,0.00000000,0.00000000,0.00000000,0.00000000,0.00000000,0.00000000,0.00000000,0.00000000,0.00000000,0.00000000,0.00000000,0.00000000,0.00000000,0.00000000,0.00000000,0.00000000,0.00000000,0.00000000,0.00000000,0.00000000,0.00000000,0.00000000,0.00000000,0.00000000,0.00000000,0.00000000,0.00000000,0.00000000,0.00000000,0.00000000,0.00000000,0.00000000,0.00000000,0.00000000,0.00000000,0.00000000,0.00000000,0.00000000,0.00000000,0.00000000,0.00000000,0.00000000,0.00000000,0.00000000,0.00000000,0.00000000,0.00000000,0.00000000,0.00000000,0.00000000,0.00000000,0.00000000,0.00000000,0.00000000,0.00000000,0.00000000,0.00000000,0.00000000,0.00000000,0.00000000,0.00000000,0.00000000,0.00000000,0.00000000,0.00000000,0.00000000,0.00000000,0.00000000,0.00000000,0.00000000,0.00000000,0.00000000,0.00000000,0.00000000,0.00000000,0.00000000,0.00000000,0.00000000,0.00000000,0.00000000,0.00000000,0.00000000,0.00000000,0.00000000,0.00000000,0.00000000,0.00000000,0.00000000,0.00000000,0.00000000,0.00000000,0.00000000,0.00000000,0.00000000,0.00000000,0.00000000,0.00000000,0.00000000,0.00000000,0.00000000,0.00000000,0.00000000,0.00000000,0.00000000,0.00000000,0.00000000,0.00000000,0.00000000,0.00000000,0.00000000,0.00000000,0.00000000,0.00000000,0.00000000,0.00000000,0.00000000,0.00000000,0.00000000,0.00000000,0.00000000,0.00000000,0.00000000,0.00000000,0.00000000,0.00000000,0.00000000,0.00000000,0.00000000,0.00000000,0.00000000,0.00000000,0.00000000,0.00000000,0.00000000,0.00000000,0.00000000,0.00000000,0.00000000,0.00000000,0.00000000,0.00000000,0.00000000,0.00000000,0.00000000,0.00000000,0.00000000,0.00000000,0.00000000,0.00000000,0.00000000,0.00000000,0.00000000,0.00000000,0.00000000,0.00000000,0.00000000,0.00000000,0.00000000,0.00000000,0.00000000,0.00000000,0.00000000,0.00000000,0.00000000,0.00000000,0.00000000,0.00000000,0.00000000,0.00000000,0.00000000,0.00000000,0.00000000,0.00000000,0.00000000,0.00000000,0.00000000,0.00000000,0.00000000,0.00000000,0.00000000,0.00000000,0.00000000,0.00000000,0.00000000,0.00000000,0.00000000,0.00000000,0.00000000,0.00000000,0.00000000,0.00000000,0.00000000,0.00000000,0.00000000,0.00000000,0.00000000,0.00000000,0.00000000,0.00000000,0.00000000,0.00000000,0.00000000,0.00000000,0.00000000,0.00000000,0.00000000,0.00000000,0.00000000,0.00000000,0.00000000,0.00000000,0.00000000,0.00000000,0.00000000,0.00000000,0.00000000,0.00000000,0.00000000,0.00000000,0.00000000,0.00000000,0.00000000,0.00000000,0.00000000,0.00000000,0.00000000,0.00000000,0.00000000,0.00000000,0.00000000,0.00000000,0.00000000,0.00000000,0.00000000,0.00000000,0.00000000,0.00000000,0.00000000,0.00000000,0.00000000,0.00000000,0.00000000,0.00000000,0.00000000,0.00000000,0.00000000,0.00000000,0.00000000,0.00000000,0.00000000,0.00000000,0.00000000,0.00000000,0.00000000,0.00000000,0.00000000,0.00000000,0.00000000,0.00000000,0.00000000,0.00000000,0.00000000,0.00000000,0.00000000,0.00000000,0.00000000,0.00000000,0.00000000,0.00000000,0.00000000,0.00000000,0.00000000,0.00000000,0.00000000,0.00000000,0.00000000,0.00000000,0.00000000,0.00000000,0.00000000,0.00000000,0.00000000,0.00000000,0.00000000,0.00000000,0.00000000,0.00000000,0.00000000,0.00000000,0.00000000,0.00000000,0.00000000,0.00000000,0.00000000,0.00000000,0.00000000,0.00000000,0.00000000,0.00000000,0.00000000,0.00000000,0.00000000,0.00000000,0.00000000,0.00000000,0.00000000,0.00000000,0.00000000,0.00000000,0.00000000,0.00000000,0.00000000,0.00000000,0.00000000,0.00000000,0.00000000,0.00000000,0.00000000,0.00000000,0.00000000,0.00000000,0.00000000,0.00000000,0.00000000,0.00000000,0.00000000,0.00000000,0.00000000,0.00000000,0.00000000,0.00000000,0.00000000,0.00000000,0.00000000,0.00000000,0.00000000,0.00000000,0.00000000,0.00000000,0.00000000,0.00000000,0.00000000,0.00000000,0.00000000,0.00000000,0.00000000,0.00000000,0.00000000,0.00000000,0.00000000,0.00000000,0.00000000,0.00000000,0.00000000,0.00000000,0.00000000,0.00000000,0.00000000,0.00000000,0.00000000,0.00000000,0.00000000,0.00000000,0.00000000,0.00000000,0.00000000,0.00000000,0.00000000,0.00000000,0.00000000,0.00000000,0.00000000,0.00000000,0.00000000,0.00000000,0.00000000,0.00000000,0.00000000,0.00000000,0.00000000] general.mean_x1=[0.02209709,0.02209709,0.02209709,0.02209709,0.02209709,0.02209709,0.02209709,0.02209709,0.02209709,0.02209709,0.02209709,0.02209709,0.02209709,0.02209709,0.02209709,0.02209709,0.02209709,0.02209709,0.02209709,0.02209709,0.02209709,0.02209709,0.02209709,0.02209709,0.02209709,0.02209709,0.02209709,0.02209709,0.02209709,0.02209709,0.02209709,0.02209709,0.02209709,0.02209709,0.02209709,0.02209709,0.02209709,0.02209709,0.02209709,0.02209709,0.02209709,0.02209709,0.02209709,0.02209709,0.02209709,0.02209709,0.02209709,0.02209709,0.02209709,0.02209709,0.02209709,0.02209709,0.02209709,0.02209709,0.02209709,0.02209709,0.02209709,0.02209709,0.02209709,0.02209709,0.02209709,0.02209709,0.02209709,0.02209709,0.02209709,0.02209709,0.02209709,0.02209709,0.02209709,0.02209709,0.02209709,0.02209709,0.02209709,0.02209709,0.02209709,0.02209709,0.02209709,0.02209709,0.02209709,0.02209709,0.02209709,0.02209709,0.02209709,0.02209709,0.02209709,0.02209709,0.02209709,0.02209709,0.02209709,0.02209709,0.02209709,0.02209709,0.02209709,0.02209709,0.02209709,0.02209709,0.02209709,0.02209709,0.02209709,0.02209709,0.02209709,0.02209709,0.02209709,0.02209709,0.02209709,0.02209709,0.02209709,0.02209709,0.02209709,0.02209709,0.02209709,0.02209709,0.02209709,0.02209709,0.02209709,0.02209709,0.02209709,0.02209709,0.02209709,0.02209709,0.02209709,0.02209709,0.02209709,0.02209709,0.02209709,0.02209709,0.02209709,0.02209709,0.02209709,0.02209709,0.02209709,0.02209709,0.02209709,0.02209709,0.02209709,0.02209709,0.02209709,0.02209709,0.02209709,0.02209709,0.02209709,0.02209709,0.02209709,0.02209709,0.02209709,0.02209709,0.02209709,0.02209709,0.02209709,0.02209709,0.02209709,0.02209709,0.02209709,0.02209709,0.02209709,0.02209709,0.02209709,0.02209709,0.02209709,0.02209709,0.02209709,0.02209709,0.02209709,0.02209709,0.02209709,0.02209709,0.02209709,0.02209709,0.02209709,0.02209709,0.02209709,0.02209709,0.02209709,0.02209709,0.02209709,0.02209709,0.02209709,0.02209709,0.02209709,0.02209709,0.02209709,0.02209709,0.02209709,0.02209709,0.02209709,0.02209709,0.02209709,0.02209709,0.02209709,0.02209709,0.02209709,0.02209709,0.02209709,0.02209709,0.02209709,0.02209709,0.02209709,0.02209709,0.02209709,0.02209709,0.02209709,0.02209709,0.02209709,0.02209709,0.02209709,0.02209709,0.02209709,0.02209709,0.02209709,0.02209709,0.02209709,0.02209709,0.02209709,0.02209709,0.02209709,0.02209709,0.02209709,0.02209709,0.02209709,0.02209709,0.02209709,0.02209709,0.02209709,0.02209709,0.02209709,0.02209709,0.02209709,0.02209709,0.02209709,0.02209709,0.02209709,0.02209709,0.02209709,0.02209709,0.02209709,0.02209709,0.02209709,0.02209709,0.02209709,0.02209709,0.02209709,0.02209709,0.02209709,0.02209709,0.02209709,0.02209709,0.02209709,0.02209709,0.02209709,0.02209709,0.02209709,0.02209709,0.02209709,0.02209709,0.02209709,0.02209709,0.02209709,0.02209709,0.02209709,0.02209709,0.02209709,0.02209709,0.02209709,0.02209709,0.02209709,0.02209709,0.02209709,0.02209709,0.02209709,0.02209709,0.02209709,0.02209709,0.02209709,0.02209709,0.02209709,0.02209709,0.02209709,0.02209709,0.02209709,0.02209709,0.02209709,0.02209709,0.02209709,0.02209709,0.02209709,0.02209709,0.02209709,0.02209709,0.02209709,0.02209709,0.02209709,0.02209709,0.02209709,0.02209709,0.02209709,0.02209709,0.02209709,0.02209709,0.02209709,0.02209709,0.02209709,0.02209709,0.02209709,0.02209709,0.02209709,0.02209709,0.02209709,0.02209709,0.02209709,0.02209709,0.02209709,0.02209709,0.02209709,0.02209709,0.02209709,0.02209709,0.02209709,0.02209709,0.02209709,0.02209709,0.02209709,0.02209709,0.02209709,0.02209709,0.02209709,0.02209709,0.02209709,0.02209709,0.02209709,0.02209709,0.02209709,0.02209709,0.02209709,0.02209709,0.02209709,0.02209709,0.02209709,0.02209709,0.02209709,0.02209709,0.02209709,0.02209709,0.02209709,0.02209709,0.02209709,0.02209709,0.02209709,0.02209709,0.02209709,0.02209709,0.02209709,0.02209709,0.02209709,0.02209709,0.02209709,0.02209709,0.02209709,0.02209709,0.02209709,0.02209709,0.02209709,0.02209709,0.02209709,0.02209709,0.02209709,0.02209709,0.02209709,0.02209709,0.02209709,0.02209709,0.02209709,0.02209709,0.02209709,0.02209709,0.02209709,0.02209709,0.02209709,0.02209709,0.02209709,0.02209709,0.02209709,0.02209709,0.02209709,0.02209709,0.02209709,0.02209709,0.02209709,0.02209709,0.02209709,0.02209709,0.02209709,0.02209709,0.02209709,0.02209709,0.02209709,0.02209709,0.02209709,0.02209709,0.02209709,0.02209709,0.02209709,0.02209709,0.02209709,0.02209709,0.02209709,0.02209709,0.02209709,0.02209709,0.02209709,0.02209709,0.02209709,0.02209709,0.02209709,0.02209709,0.02209709,0.02209709,0.02209709,0.02209709,0.02209709,0.02209709,0.02209709,0.02209709,0.02209709,0.02209709,0.02209709,0.02209709,0.02209709,0.02209709,0.02209709,0.02209709,0.02209709,0.02209709,0.02209709,0.02209709,0.02209709,0.02209709,0.02209709,0.02209709,0.02209709,0.02209709,0.02209709,0.02209709,0.02209709,0.02209709,0.02209709,0.02209709,0.02209709,0.02209709,0.02209709,0.02209709,0.02209709,0.02209709,0.02209709,0.02209709,0.02209709,0.02209709,0.02209709,0.02209709,0.02209709,0.02209709,0.02209709,0.02209709,0.02209709,0.02209709,0.02209709,0.02209709,0.02209709,0.02209709,0.02209709,0.02209709,0.02209709,0.02209709,0.02209709,0.02209709,0.02209709,0.02209709,0.02209709,0.02209709,0.02209709,0.02209709,0.02209709,0.02209709,0.02209709,0.02209709,0.02209709,0.02209709,0.02209709,0.02209709,0.02209709,0.02209709,0.02209709,0.02209709,0.02209709,0.02209709,0.02209709,0.02209709,0.02209709,0.02209709,0.02209709,0.02209709,0.02209709,0.02209709,0.02209709,0.02209709,0.02209709,0.02209709,0.02209709,0.02209709,0.02209709,0.02209709,0.02209709,0.02209709] general.normalize_tangent_distributions=False
srun python train.py experiment=general_fm seed=50 hydra.run.dir=outputs/runs/gtg/euclidean/general/euc_d2_s50 general.manifold=euclidean general.dim=2 general.curvature=0.0 general.std_x0=0.3 general.std_x1=0.3 general.mean_x0=[0.00000000,0.00000000] general.mean_x1=[0.35355339,0.35355339] general.normalize_tangent_distributions=False
srun python train.py experiment=general_fm seed=50 hydra.run.dir=outputs/runs/gtg/euclidean/general/euc_d3_s50 general.manifold=euclidean general.dim=3 general.curvature=0.0 general.std_x0=0.3 general.std_x1=0.3 general.mean_x0=[0.00000000,0.00000000,0.00000000] general.mean_x1=[0.28867513,0.28867513,0.28867513] general.normalize_tangent_distributions=False
srun python train.py experiment=general_fm seed=50 hydra.run.dir=outputs/runs/gtg/euclidean/general/euc_d4_s50 general.manifold=euclidean general.dim=4 general.curvature=0.0 general.std_x0=0.3 general.std_x1=0.3 general.mean_x0=[0.00000000,0.00000000,0.00000000,0.00000000] general.mean_x1=[0.25000000,0.25000000,0.25000000,0.25000000] general.normalize_tangent_distributions=False
srun python train.py experiment=general_fm seed=50 hydra.run.dir=outputs/runs/gtg/euclidean/general/euc_d8_s50 general.manifold=euclidean general.dim=8 general.curvature=0.0 general.std_x0=0.3 general.std_x1=0.3 general.mean_x0=[0.00000000,0.00000000,0.00000000,0.00000000,0.00000000,0.00000000,0.00000000,0.00000000] general.mean_x1=[0.17677670,0.17677670,0.17677670,0.17677670,0.17677670,0.17677670,0.17677670,0.17677670] general.normalize_tangent_distributions=False
srun python train.py experiment=general_fm seed=50 hydra.run.dir=outputs/runs/gtg/euclidean/general/euc_d16_s50 general.manifold=euclidean general.dim=16 general.curvature=0.0 general.std_x0=0.3 general.std_x1=0.3 general.mean_x0=[0.00000000,0.00000000,0.00000000,0.00000000,0.00000000,0.00000000,0.00000000,0.00000000,0.00000000,0.00000000,0.00000000,0.00000000,0.00000000,0.00000000,0.00000000,0.00000000] general.mean_x1=[0.12500000,0.12500000,0.12500000,0.12500000,0.12500000,0.12500000,0.12500000,0.12500000,0.12500000,0.12500000,0.12500000,0.12500000,0.12500000,0.12500000,0.12500000,0.12500000] general.normalize_tangent_distributions=False
srun python train.py experiment=general_fm seed=50 hydra.run.dir=outputs/runs/gtg/euclidean/general/euc_d64_s50 general.manifold=euclidean general.dim=64 general.curvature=0.0 general.std_x0=0.3 general.std_x1=0.3 general.mean_x0=[0.00000000,0.00000000,0.00000000,0.00000000,0.00000000,0.00000000,0.00000000,0.00000000,0.00000000,0.00000000,0.00000000,0.00000000,0.00000000,0.00000000,0.00000000,0.00000000,0.00000000,0.00000000,0.00000000,0.00000000,0.00000000,0.00000000,0.00000000,0.00000000,0.00000000,0.00000000,0.00000000,0.00000000,0.00000000,0.00000000,0.00000000,0.00000000,0.00000000,0.00000000,0.00000000,0.00000000,0.00000000,0.00000000,0.00000000,0.00000000,0.00000000,0.00000000,0.00000000,0.00000000,0.00000000,0.00000000,0.00000000,0.00000000,0.00000000,0.00000000,0.00000000,0.00000000,0.00000000,0.00000000,0.00000000,0.00000000,0.00000000,0.00000000,0.00000000,0.00000000,0.00000000,0.00000000,0.00000000,0.00000000] general.mean_x1=[0.06250000,0.06250000,0.06250000,0.06250000,0.06250000,0.06250000,0.06250000,0.06250000,0.06250000,0.06250000,0.06250000,0.06250000,0.06250000,0.06250000,0.06250000,0.06250000,0.06250000,0.06250000,0.06250000,0.06250000,0.06250000,0.06250000,0.06250000,0.06250000,0.06250000,0.06250000,0.06250000,0.06250000,0.06250000,0.06250000,0.06250000,0.06250000,0.06250000,0.06250000,0.06250000,0.06250000,0.06250000,0.06250000,0.06250000,0.06250000,0.06250000,0.06250000,0.06250000,0.06250000,0.06250000,0.06250000,0.06250000,0.06250000,0.06250000,0.06250000,0.06250000,0.06250000,0.06250000,0.06250000,0.06250000,0.06250000,0.06250000,0.06250000,0.06250000,0.06250000,0.06250000,0.06250000,0.06250000,0.06250000] general.normalize_tangent_distributions=False
srun python train.py experiment=general_fm seed=50 hydra.run.dir=outputs/runs/gtg/euclidean/general/euc_d256_s50 general.manifold=euclidean general.dim=256 general.curvature=0.0 general.std_x0=0.3 general.std_x1=0.3 general.mean_x0=[0.00000000,0.00000000,0.00000000,0.00000000,0.00000000,0.00000000,0.00000000,0.00000000,0.00000000,0.00000000,0.00000000,0.00000000,0.00000000,0.00000000,0.00000000,0.00000000,0.00000000,0.00000000,0.00000000,0.00000000,0.00000000,0.00000000,0.00000000,0.00000000,0.00000000,0.00000000,0.00000000,0.00000000,0.00000000,0.00000000,0.00000000,0.00000000,0.00000000,0.00000000,0.00000000,0.00000000,0.00000000,0.00000000,0.00000000,0.00000000,0.00000000,0.00000000,0.00000000,0.00000000,0.00000000,0.00000000,0.00000000,0.00000000,0.00000000,0.00000000,0.00000000,0.00000000,0.00000000,0.00000000,0.00000000,0.00000000,0.00000000,0.00000000,0.00000000,0.00000000,0.00000000,0.00000000,0.00000000,0.00000000,0.00000000,0.00000000,0.00000000,0.00000000,0.00000000,0.00000000,0.00000000,0.00000000,0.00000000,0.00000000,0.00000000,0.00000000,0.00000000,0.00000000,0.00000000,0.00000000,0.00000000,0.00000000,0.00000000,0.00000000,0.00000000,0.00000000,0.00000000,0.00000000,0.00000000,0.00000000,0.00000000,0.00000000,0.00000000,0.00000000,0.00000000,0.00000000,0.00000000,0.00000000,0.00000000,0.00000000,0.00000000,0.00000000,0.00000000,0.00000000,0.00000000,0.00000000,0.00000000,0.00000000,0.00000000,0.00000000,0.00000000,0.00000000,0.00000000,0.00000000,0.00000000,0.00000000,0.00000000,0.00000000,0.00000000,0.00000000,0.00000000,0.00000000,0.00000000,0.00000000,0.00000000,0.00000000,0.00000000,0.00000000,0.00000000,0.00000000,0.00000000,0.00000000,0.00000000,0.00000000,0.00000000,0.00000000,0.00000000,0.00000000,0.00000000,0.00000000,0.00000000,0.00000000,0.00000000,0.00000000,0.00000000,0.00000000,0.00000000,0.00000000,0.00000000,0.00000000,0.00000000,0.00000000,0.00000000,0.00000000,0.00000000,0.00000000,0.00000000,0.00000000,0.00000000,0.00000000,0.00000000,0.00000000,0.00000000,0.00000000,0.00000000,0.00000000,0.00000000,0.00000000,0.00000000,0.00000000,0.00000000,0.00000000,0.00000000,0.00000000,0.00000000,0.00000000,0.00000000,0.00000000,0.00000000,0.00000000,0.00000000,0.00000000,0.00000000,0.00000000,0.00000000,0.00000000,0.00000000,0.00000000,0.00000000,0.00000000,0.00000000,0.00000000,0.00000000,0.00000000,0.00000000,0.00000000,0.00000000,0.00000000,0.00000000,0.00000000,0.00000000,0.00000000,0.00000000,0.00000000,0.00000000,0.00000000,0.00000000,0.00000000,0.00000000,0.00000000,0.00000000,0.00000000,0.00000000,0.00000000,0.00000000,0.00000000,0.00000000,0.00000000,0.00000000,0.00000000,0.00000000,0.00000000,0.00000000,0.00000000,0.00000000,0.00000000,0.00000000,0.00000000,0.00000000,0.00000000,0.00000000,0.00000000,0.00000000,0.00000000,0.00000000,0.00000000,0.00000000,0.00000000,0.00000000,0.00000000,0.00000000,0.00000000,0.00000000,0.00000000,0.00000000,0.00000000,0.00000000,0.00000000,0.00000000,0.00000000,0.00000000,0.00000000,0.00000000,0.00000000,0.00000000,0.00000000] general.mean_x1=[0.03125000,0.03125000,0.03125000,0.03125000,0.03125000,0.03125000,0.03125000,0.03125000,0.03125000,0.03125000,0.03125000,0.03125000,0.03125000,0.03125000,0.03125000,0.03125000,0.03125000,0.03125000,0.03125000,0.03125000,0.03125000,0.03125000,0.03125000,0.03125000,0.03125000,0.03125000,0.03125000,0.03125000,0.03125000,0.03125000,0.03125000,0.03125000,0.03125000,0.03125000,0.03125000,0.03125000,0.03125000,0.03125000,0.03125000,0.03125000,0.03125000,0.03125000,0.03125000,0.03125000,0.03125000,0.03125000,0.03125000,0.03125000,0.03125000,0.03125000,0.03125000,0.03125000,0.03125000,0.03125000,0.03125000,0.03125000,0.03125000,0.03125000,0.03125000,0.03125000,0.03125000,0.03125000,0.03125000,0.03125000,0.03125000,0.03125000,0.03125000,0.03125000,0.03125000,0.03125000,0.03125000,0.03125000,0.03125000,0.03125000,0.03125000,0.03125000,0.03125000,0.03125000,0.03125000,0.03125000,0.03125000,0.03125000,0.03125000,0.03125000,0.03125000,0.03125000,0.03125000,0.03125000,0.03125000,0.03125000,0.03125000,0.03125000,0.03125000,0.03125000,0.03125000,0.03125000,0.03125000,0.03125000,0.03125000,0.03125000,0.03125000,0.03125000,0.03125000,0.03125000,0.03125000,0.03125000,0.03125000,0.03125000,0.03125000,0.03125000,0.03125000,0.03125000,0.03125000,0.03125000,0.03125000,0.03125000,0.03125000,0.03125000,0.03125000,0.03125000,0.03125000,0.03125000,0.03125000,0.03125000,0.03125000,0.03125000,0.03125000,0.03125000,0.03125000,0.03125000,0.03125000,0.03125000,0.03125000,0.03125000,0.03125000,0.03125000,0.03125000,0.03125000,0.03125000,0.03125000,0.03125000,0.03125000,0.03125000,0.03125000,0.03125000,0.03125000,0.03125000,0.03125000,0.03125000,0.03125000,0.03125000,0.03125000,0.03125000,0.03125000,0.03125000,0.03125000,0.03125000,0.03125000,0.03125000,0.03125000,0.03125000,0.03125000,0.03125000,0.03125000,0.03125000,0.03125000,0.03125000,0.03125000,0.03125000,0.03125000,0.03125000,0.03125000,0.03125000,0.03125000,0.03125000,0.03125000,0.03125000,0.03125000,0.03125000,0.03125000,0.03125000,0.03125000,0.03125000,0.03125000,0.03125000,0.03125000,0.03125000,0.03125000,0.03125000,0.03125000,0.03125000,0.03125000,0.03125000,0.03125000,0.03125000,0.03125000,0.03125000,0.03125000,0.03125000,0.03125000,0.03125000,0.03125000,0.03125000,0.03125000,0.03125000,0.03125000,0.03125000,0.03125000,0.03125000,0.03125000,0.03125000,0.03125000,0.03125000,0.03125000,0.03125000,0.03125000,0.03125000,0.03125000,0.03125000,0.03125000,0.03125000,0.03125000,0.03125000,0.03125000,0.03125000,0.03125000,0.03125000,0.03125000,0.03125000,0.03125000,0.03125000,0.03125000,0.03125000,0.03125000,0.03125000,0.03125000,0.03125000,0.03125000,0.03125000,0.03125000,0.03125000,0.03125000,0.03125000,0.03125000,0.03125000,0.03125000,0.03125000,0.03125000,0.03125000,0.03125000,0.03125000,0.03125000,0.03125000,0.03125000,0.03125000,0.03125000] general.normalize_tangent_distributions=False
srun python train.py experiment=general_fm seed=50 hydra.run.dir=outputs/runs/gtg/euclidean/general/euc_d512_s50 general.manifold=euclidean general.dim=512 general.curvature=0.0 general.std_x0=0.3 general.std_x1=0.3 general.mean_x0=[0.00000000,0.00000000,0.00000000,0.00000000,0.00000000,0.00000000,0.00000000,0.00000000,0.00000000,0.00000000,0.00000000,0.00000000,0.00000000,0.00000000,0.00000000,0.00000000,0.00000000,0.00000000,0.00000000,0.00000000,0.00000000,0.00000000,0.00000000,0.00000000,0.00000000,0.00000000,0.00000000,0.00000000,0.00000000,0.00000000,0.00000000,0.00000000,0.00000000,0.00000000,0.00000000,0.00000000,0.00000000,0.00000000,0.00000000,0.00000000,0.00000000,0.00000000,0.00000000,0.00000000,0.00000000,0.00000000,0.00000000,0.00000000,0.00000000,0.00000000,0.00000000,0.00000000,0.00000000,0.00000000,0.00000000,0.00000000,0.00000000,0.00000000,0.00000000,0.00000000,0.00000000,0.00000000,0.00000000,0.00000000,0.00000000,0.00000000,0.00000000,0.00000000,0.00000000,0.00000000,0.00000000,0.00000000,0.00000000,0.00000000,0.00000000,0.00000000,0.00000000,0.00000000,0.00000000,0.00000000,0.00000000,0.00000000,0.00000000,0.00000000,0.00000000,0.00000000,0.00000000,0.00000000,0.00000000,0.00000000,0.00000000,0.00000000,0.00000000,0.00000000,0.00000000,0.00000000,0.00000000,0.00000000,0.00000000,0.00000000,0.00000000,0.00000000,0.00000000,0.00000000,0.00000000,0.00000000,0.00000000,0.00000000,0.00000000,0.00000000,0.00000000,0.00000000,0.00000000,0.00000000,0.00000000,0.00000000,0.00000000,0.00000000,0.00000000,0.00000000,0.00000000,0.00000000,0.00000000,0.00000000,0.00000000,0.00000000,0.00000000,0.00000000,0.00000000,0.00000000,0.00000000,0.00000000,0.00000000,0.00000000,0.00000000,0.00000000,0.00000000,0.00000000,0.00000000,0.00000000,0.00000000,0.00000000,0.00000000,0.00000000,0.00000000,0.00000000,0.00000000,0.00000000,0.00000000,0.00000000,0.00000000,0.00000000,0.00000000,0.00000000,0.00000000,0.00000000,0.00000000,0.00000000,0.00000000,0.00000000,0.00000000,0.00000000,0.00000000,0.00000000,0.00000000,0.00000000,0.00000000,0.00000000,0.00000000,0.00000000,0.00000000,0.00000000,0.00000000,0.00000000,0.00000000,0.00000000,0.00000000,0.00000000,0.00000000,0.00000000,0.00000000,0.00000000,0.00000000,0.00000000,0.00000000,0.00000000,0.00000000,0.00000000,0.00000000,0.00000000,0.00000000,0.00000000,0.00000000,0.00000000,0.00000000,0.00000000,0.00000000,0.00000000,0.00000000,0.00000000,0.00000000,0.00000000,0.00000000,0.00000000,0.00000000,0.00000000,0.00000000,0.00000000,0.00000000,0.00000000,0.00000000,0.00000000,0.00000000,0.00000000,0.00000000,0.00000000,0.00000000,0.00000000,0.00000000,0.00000000,0.00000000,0.00000000,0.00000000,0.00000000,0.00000000,0.00000000,0.00000000,0.00000000,0.00000000,0.00000000,0.00000000,0.00000000,0.00000000,0.00000000,0.00000000,0.00000000,0.00000000,0.00000000,0.00000000,0.00000000,0.00000000,0.00000000,0.00000000,0.00000000,0.00000000,0.00000000,0.00000000,0.00000000,0.00000000,0.00000000,0.00000000,0.00000000,0.00000000,0.00000000,0.00000000,0.00000000,0.00000000,0.00000000,0.00000000,0.00000000,0.00000000,0.00000000,0.00000000,0.00000000,0.00000000,0.00000000,0.00000000,0.00000000,0.00000000,0.00000000,0.00000000,0.00000000,0.00000000,0.00000000,0.00000000,0.00000000,0.00000000,0.00000000,0.00000000,0.00000000,0.00000000,0.00000000,0.00000000,0.00000000,0.00000000,0.00000000,0.00000000,0.00000000,0.00000000,0.00000000,0.00000000,0.00000000,0.00000000,0.00000000,0.00000000,0.00000000,0.00000000,0.00000000,0.00000000,0.00000000,0.00000000,0.00000000,0.00000000,0.00000000,0.00000000,0.00000000,0.00000000,0.00000000,0.00000000,0.00000000,0.00000000,0.00000000,0.00000000,0.00000000,0.00000000,0.00000000,0.00000000,0.00000000,0.00000000,0.00000000,0.00000000,0.00000000,0.00000000,0.00000000,0.00000000,0.00000000,0.00000000,0.00000000,0.00000000,0.00000000,0.00000000,0.00000000,0.00000000,0.00000000,0.00000000,0.00000000,0.00000000,0.00000000,0.00000000,0.00000000,0.00000000,0.00000000,0.00000000,0.00000000,0.00000000,0.00000000,0.00000000,0.00000000,0.00000000,0.00000000,0.00000000,0.00000000,0.00000000,0.00000000,0.00000000,0.00000000,0.00000000,0.00000000,0.00000000,0.00000000,0.00000000,0.00000000,0.00000000,0.00000000,0.00000000,0.00000000,0.00000000,0.00000000,0.00000000,0.00000000,0.00000000,0.00000000,0.00000000,0.00000000,0.00000000,0.00000000,0.00000000,0.00000000,0.00000000,0.00000000,0.00000000,0.00000000,0.00000000,0.00000000,0.00000000,0.00000000,0.00000000,0.00000000,0.00000000,0.00000000,0.00000000,0.00000000,0.00000000,0.00000000,0.00000000,0.00000000,0.00000000,0.00000000,0.00000000,0.00000000,0.00000000,0.00000000,0.00000000,0.00000000,0.00000000,0.00000000,0.00000000,0.00000000,0.00000000,0.00000000,0.00000000,0.00000000,0.00000000,0.00000000,0.00000000,0.00000000,0.00000000,0.00000000,0.00000000,0.00000000,0.00000000,0.00000000,0.00000000,0.00000000,0.00000000,0.00000000,0.00000000,0.00000000,0.00000000,0.00000000,0.00000000,0.00000000,0.00000000,0.00000000,0.00000000,0.00000000,0.00000000,0.00000000,0.00000000,0.00000000,0.00000000,0.00000000,0.00000000,0.00000000,0.00000000,0.00000000,0.00000000,0.00000000,0.00000000,0.00000000,0.00000000,0.00000000,0.00000000,0.00000000,0.00000000,0.00000000,0.00000000,0.00000000,0.00000000,0.00000000,0.00000000,0.00000000,0.00000000,0.00000000,0.00000000,0.00000000,0.00000000,0.00000000,0.00000000,0.00000000,0.00000000,0.00000000,0.00000000,0.00000000,0.00000000,0.00000000,0.00000000,0.00000000,0.00000000,0.00000000,0.00000000,0.00000000,0.00000000,0.00000000,0.00000000,0.00000000,0.00000000,0.00000000,0.00000000,0.00000000,0.00000000,0.00000000,0.00000000,0.00000000,0.00000000,0.00000000,0.00000000,0.00000000,0.00000000,0.00000000,0.00000000,0.00000000,0.00000000,0.00000000,0.00000000,0.00000000,0.00000000,0.00000000,0.00000000,0.00000000,0.00000000,0.00000000] general.mean_x1=[0.02209709,0.02209709,0.02209709,0.02209709,0.02209709,0.02209709,0.02209709,0.02209709,0.02209709,0.02209709,0.02209709,0.02209709,0.02209709,0.02209709,0.02209709,0.02209709,0.02209709,0.02209709,0.02209709,0.02209709,0.02209709,0.02209709,0.02209709,0.02209709,0.02209709,0.02209709,0.02209709,0.02209709,0.02209709,0.02209709,0.02209709,0.02209709,0.02209709,0.02209709,0.02209709,0.02209709,0.02209709,0.02209709,0.02209709,0.02209709,0.02209709,0.02209709,0.02209709,0.02209709,0.02209709,0.02209709,0.02209709,0.02209709,0.02209709,0.02209709,0.02209709,0.02209709,0.02209709,0.02209709,0.02209709,0.02209709,0.02209709,0.02209709,0.02209709,0.02209709,0.02209709,0.02209709,0.02209709,0.02209709,0.02209709,0.02209709,0.02209709,0.02209709,0.02209709,0.02209709,0.02209709,0.02209709,0.02209709,0.02209709,0.02209709,0.02209709,0.02209709,0.02209709,0.02209709,0.02209709,0.02209709,0.02209709,0.02209709,0.02209709,0.02209709,0.02209709,0.02209709,0.02209709,0.02209709,0.02209709,0.02209709,0.02209709,0.02209709,0.02209709,0.02209709,0.02209709,0.02209709,0.02209709,0.02209709,0.02209709,0.02209709,0.02209709,0.02209709,0.02209709,0.02209709,0.02209709,0.02209709,0.02209709,0.02209709,0.02209709,0.02209709,0.02209709,0.02209709,0.02209709,0.02209709,0.02209709,0.02209709,0.02209709,0.02209709,0.02209709,0.02209709,0.02209709,0.02209709,0.02209709,0.02209709,0.02209709,0.02209709,0.02209709,0.02209709,0.02209709,0.02209709,0.02209709,0.02209709,0.02209709,0.02209709,0.02209709,0.02209709,0.02209709,0.02209709,0.02209709,0.02209709,0.02209709,0.02209709,0.02209709,0.02209709,0.02209709,0.02209709,0.02209709,0.02209709,0.02209709,0.02209709,0.02209709,0.02209709,0.02209709,0.02209709,0.02209709,0.02209709,0.02209709,0.02209709,0.02209709,0.02209709,0.02209709,0.02209709,0.02209709,0.02209709,0.02209709,0.02209709,0.02209709,0.02209709,0.02209709,0.02209709,0.02209709,0.02209709,0.02209709,0.02209709,0.02209709,0.02209709,0.02209709,0.02209709,0.02209709,0.02209709,0.02209709,0.02209709,0.02209709,0.02209709,0.02209709,0.02209709,0.02209709,0.02209709,0.02209709,0.02209709,0.02209709,0.02209709,0.02209709,0.02209709,0.02209709,0.02209709,0.02209709,0.02209709,0.02209709,0.02209709,0.02209709,0.02209709,0.02209709,0.02209709,0.02209709,0.02209709,0.02209709,0.02209709,0.02209709,0.02209709,0.02209709,0.02209709,0.02209709,0.02209709,0.02209709,0.02209709,0.02209709,0.02209709,0.02209709,0.02209709,0.02209709,0.02209709,0.02209709,0.02209709,0.02209709,0.02209709,0.02209709,0.02209709,0.02209709,0.02209709,0.02209709,0.02209709,0.02209709,0.02209709,0.02209709,0.02209709,0.02209709,0.02209709,0.02209709,0.02209709,0.02209709,0.02209709,0.02209709,0.02209709,0.02209709,0.02209709,0.02209709,0.02209709,0.02209709,0.02209709,0.02209709,0.02209709,0.02209709,0.02209709,0.02209709,0.02209709,0.02209709,0.02209709,0.02209709,0.02209709,0.02209709,0.02209709,0.02209709,0.02209709,0.02209709,0.02209709,0.02209709,0.02209709,0.02209709,0.02209709,0.02209709,0.02209709,0.02209709,0.02209709,0.02209709,0.02209709,0.02209709,0.02209709,0.02209709,0.02209709,0.02209709,0.02209709,0.02209709,0.02209709,0.02209709,0.02209709,0.02209709,0.02209709,0.02209709,0.02209709,0.02209709,0.02209709,0.02209709,0.02209709,0.02209709,0.02209709,0.02209709,0.02209709,0.02209709,0.02209709,0.02209709,0.02209709,0.02209709,0.02209709,0.02209709,0.02209709,0.02209709,0.02209709,0.02209709,0.02209709,0.02209709,0.02209709,0.02209709,0.02209709,0.02209709,0.02209709,0.02209709,0.02209709,0.02209709,0.02209709,0.02209709,0.02209709,0.02209709,0.02209709,0.02209709,0.02209709,0.02209709,0.02209709,0.02209709,0.02209709,0.02209709,0.02209709,0.02209709,0.02209709,0.02209709,0.02209709,0.02209709,0.02209709,0.02209709,0.02209709,0.02209709,0.02209709,0.02209709,0.02209709,0.02209709,0.02209709,0.02209709,0.02209709,0.02209709,0.02209709,0.02209709,0.02209709,0.02209709,0.02209709,0.02209709,0.02209709,0.02209709,0.02209709,0.02209709,0.02209709,0.02209709,0.02209709,0.02209709,0.02209709,0.02209709,0.02209709,0.02209709,0.02209709,0.02209709,0.02209709,0.02209709,0.02209709,0.02209709,0.02209709,0.02209709,0.02209709,0.02209709,0.02209709,0.02209709,0.02209709,0.02209709,0.02209709,0.02209709,0.02209709,0.02209709,0.02209709,0.02209709,0.02209709,0.02209709,0.02209709,0.02209709,0.02209709,0.02209709,0.02209709,0.02209709,0.02209709,0.02209709,0.02209709,0.02209709,0.02209709,0.02209709,0.02209709,0.02209709,0.02209709,0.02209709,0.02209709,0.02209709,0.02209709,0.02209709,0.02209709,0.02209709,0.02209709,0.02209709,0.02209709,0.02209709,0.02209709,0.02209709,0.02209709,0.02209709,0.02209709,0.02209709,0.02209709,0.02209709,0.02209709,0.02209709,0.02209709,0.02209709,0.02209709,0.02209709,0.02209709,0.02209709,0.02209709,0.02209709,0.02209709,0.02209709,0.02209709,0.02209709,0.02209709,0.02209709,0.02209709,0.02209709,0.02209709,0.02209709,0.02209709,0.02209709,0.02209709,0.02209709,0.02209709,0.02209709,0.02209709,0.02209709,0.02209709,0.02209709,0.02209709,0.02209709,0.02209709,0.02209709,0.02209709,0.02209709,0.02209709,0.02209709,0.02209709,0.02209709,0.02209709,0.02209709,0.02209709,0.02209709,0.02209709,0.02209709,0.02209709,0.02209709,0.02209709,0.02209709,0.02209709,0.02209709,0.02209709,0.02209709,0.02209709,0.02209709,0.02209709,0.02209709,0.02209709,0.02209709,0.02209709,0.02209709,0.02209709,0.02209709,0.02209709,0.02209709,0.02209709,0.02209709,0.02209709,0.02209709,0.02209709,0.02209709,0.02209709,0.02209709,0.02209709,0.02209709,0.02209709,0.02209709,0.02209709,0.02209709,0.02209709,0.02209709,0.02209709,0.02209709,0.02209709,0.02209709,0.02209709,0.02209709] general.normalize_tangent_distributions=False
